-455.0 -6.506878376070377
-449.8543689320388 -6.457855740686389
-444.70873786407765 -6.407762521112891
-439.5631067961165 -6.3577496633577955
-434.4174757281553 -6.307018704635299
-429.2718446601941 -6.2558461640052725
-424.12621359223294 -6.204271429586809
-418.98058252427177 -6.152129182724647
-413.8349514563107 -6.100036275753832
-408.68932038834953 -6.045895544789624
-403.54368932038835 -5.991748567690356
-398.3980582524272 -5.936298647011726
-393.252427184466 -5.8803127918232825
-388.1067961165048 -5.8238199442894825
-382.96116504854365 -5.766342014143109
-377.8155339805826 -5.708754184133251
-372.6699029126214 -5.650218584244916
-367.5242718446602 -5.591729454707857
-362.37864077669906 -5.532363187195683
-357.2330097087379 -5.472767774553428
-352.0873786407767 -5.412982456631095
-346.94174757281553 -5.352705379931311
-341.79611650485435 -5.292434002233048
-336.6504854368932 -5.231646519508313
-331.504854368932 -5.170817124239559
-326.3592233009708 -5.11018281536824
-321.2135922330097 -5.049553614111191
-316.06796116504853 -4.989230337937531
-310.92233009708735 -4.929786371045686
-305.77669902912623 -4.870475805749657
-300.63106796116506 -4.812955335946533
-295.4854368932039 -4.755400980656805
-290.3398058252427 -4.700286138869079
-285.19417475728153 -4.6463879927715865
-280.04854368932035 -4.594302317568522
-274.9029126213592 -4.544934763405288
-269.75728155339806 -4.495734925415893
-264.6116504854369 -4.451444413718811
-259.4660194174757 -4.4070976506422905
-254.32038834951462 -4.36674305812911
-249.17475728155344 -4.3280346090867585
-244.02912621359226 -4.2916238882387985
-238.8834951456311 -4.258908576312734
-233.7378640776699 -4.22645858485007
-228.59223300970874 -4.199076457144102
-223.44660194174756 -4.171742759958395
-218.30097087378638 -4.146735273083566
-213.15533980582526 -4.122764406803367
-208.0097087378641 -4.099712917543418
-202.8640776699029 -4.077799255796334
-197.71844660194174 -4.055861319636446
-192.57281553398062 -4.033368203387241
-187.42718446601944 -4.0110138657766905
-182.28155339805826 -3.9861671359264697
-177.1359223300971 -3.9601093804830185
-171.9902912621359 -3.9312879630997744
-166.84466019417474 -3.8985387533895266
-161.69902912621362 -3.8651981651837555
-156.55339805825244 -3.8235741067652995
-151.40776699029126 -3.7816740641959385
-146.2621359223301 -3.7322771280824325
-141.1165048543689 -3.680276846236508
-135.9708737864078 -3.623551910553287
-130.82524271844662 -3.5594453240384016
-125.67961165048544 -3.4942458324174908
-120.53398058252426 -3.4185948244213713
-115.38834951456306 -3.3433825229415586
-110.24271844660194 -3.263446927092998
-105.09708737864077 -3.181361481383833
-99.95145631067959 -3.099985928281579
-94.80582524271841 -3.020184919057431
-89.66019417475724 -2.9410472315731537
-84.51456310679612 -2.8684344871316076
-79.36893203883494 -2.7954059146471395
-74.22330097087377 -2.7254031959140814
-69.07766990291259 -2.6560722663476604
-63.93203883495141 -2.5885521479337235
-58.78640776699024 -2.524617194411919
-53.64077669902912 -2.4611002489753138
-48.49514563106794 -2.400767326449856
-43.349514563106766 -2.3400405080328337
-38.20388349514559 -2.2773731818058014
-33.058252427184414 -2.2141527550383295
-27.912621359223294 -2.1471203849426415
-22.76699029126212 -2.0752208546713486
-17.621359223300942 -2.0029144302842243
-12.475728155339766 -1.9122374080559073
-7.33009708737859 -1.8203885864807439
-2.1844660194174135 -1.6977066538164385
2.9611650485437058 -1.565141433528869
8.106796116504881 -1.4028610293939958
13.252427184466057 -1.1958040100299563
18.398058252427234 -0.9795240868088311
23.54368932038841 -0.6748349718297475
28.68932038834953 -0.368991099452514
33.834951456310705 -0.004824626331098164
38.98058252427188 0.3777601667160109
44.12621359223306 0.7722417044076407
49.27184466019423 1.1861064954372174
54.41747572815535 1.6045407503165205
59.563106796116585 2.0701381874668088
64.70873786407776 2.5414636527052763
69.85436893203882 2.9990886541230872
75.0 3.456483296542589
